LT_TEXT_LMS_20
NUM= 78
310 109
301 102
289 98
277 99
268 108
335 108
346 102
358 99
370 100
379 108
301 132
296 127
290 125
283 126
277 129
282 134
288 136
295 135
345 131
350 127
358 125
365 125
370 129
365 133
358 135
351 134
323 127
323 138
323 150
322 161
304 175
323 178
343 174
295 198
305 197
314 194
324 194
334 193
344 195
354 196
346 205
337 210
325 213
314 211
304 206
299 199
311 200
324 201
338 200
349 198
338 202
325 203
312 201
255 134
255 152
257 169
260 185
264 200
273 216
287 231
303 244
323 250
344 245
361 232
374 216
384 199
390 183
392 166
393 148
392 132
299 110
287 108
278 108
347 110
358 109
368 109
290 131
356 131
